[gd_scene load_steps=6 format=2]

[ext_resource path="res://Player/TankProto.tscn" type="PackedScene" id=1]

[sub_resource type="VisualShaderNodeColorConstant" id=1]
constant = Color( 0.0156863, 0.219608, 0.0980392, 1 )

[sub_resource type="VisualShader" id=2]
code = "shader_type spatial;
render_mode specular_schlick_ggx, async_visible;




void vertex() {
// Output:0

}

void fragment() {
// Color:2
	vec3 n_out2p0 = vec3(0.015686, 0.219608, 0.098039);
	float n_out2p1 = 1.000000;

// Output:0
	ALBEDO = n_out2p0;

}

void light() {
// Output:0

}
"
graph_offset = Vector2( -381.159, 177.951 )
nodes/fragment/2/node = SubResource( 1 )
nodes/fragment/2/position = Vector2( 120, 260 )
nodes/fragment/connections = PoolIntArray( 2, 0, 0, 0 )

[sub_resource type="ShaderMaterial" id=3]
shader = SubResource( 2 )

[sub_resource type="SphereMesh" id=4]
radial_segments = 10
rings = 10

[node name="World" type="Spatial"]

[node name="Tank" parent="." instance=ExtResource( 1 )]

[node name="CameraTarget" type="Spatial" parent="Tank"]
transform = Transform( -1, 4.37114e-08, -7.57104e-08, 0, 0.866025, 0.5, 8.74228e-08, 0.5, -0.866025, 0, 26, -31.8508 )

[node name="PrototypeLevel" type="Spatial" parent="."]

[node name="Floor" type="CSGBox" parent="PrototypeLevel"]
use_collision = true
width = 200.0
height = 1.0
depth = 200.0
material = SubResource( 3 )

[node name="Wall1" type="CSGBox" parent="PrototypeLevel"]
transform = Transform( 1, 0, 0, 0, 1, 0, 0, 0, 1, 100, 2.5, 0 )
use_collision = true
width = 1.0
height = 5.0
depth = 200.0

[node name="Wall2" type="CSGBox" parent="PrototypeLevel"]
transform = Transform( 1, 0, 0, 0, 1, 0, 0, 0, 1, -100, 2.5, 0 )
use_collision = true
width = 1.0
height = 5.0
depth = 200.0

[node name="Wall3" type="CSGBox" parent="PrototypeLevel"]
transform = Transform( 1, 0, 0, 0, 1, 0, 0, 0, 1, 0, 2.5, 100 )
use_collision = true
width = 200.0
height = 5.0
depth = 1.0

[node name="Wall4" type="CSGBox" parent="PrototypeLevel"]
transform = Transform( 1, 0, 0, 0, 1, 0, 0, 0, 1, 0, 2.5, -100 )
use_collision = true
width = 200.0
height = 5.0
depth = 1.0

[node name="Obstacles" type="Node" parent="PrototypeLevel"]

[node name="Obstacle1" type="CSGBox" parent="PrototypeLevel/Obstacles"]
transform = Transform( 0.677685, 0, -0.735352, 0, 1, 0, 0.735352, 0, 0.677685, -30.3734, 2.63357, -10.9107 )
use_collision = true
height = 4.36719
depth = 28.2616

[node name="Obstacle2" type="CSGBox" parent="PrototypeLevel/Obstacles"]
transform = Transform( -0.230933, 0, -0.97297, 0, 1, 0, 0.97297, 0, -0.230933, -9.22152, 2.63356, 20.2965 )
use_collision = true
height = 4.36719
depth = 28.2616

[node name="Obstacle3" type="CSGBox" parent="PrototypeLevel/Obstacles"]
transform = Transform( 0.978361, 0, -0.206904, 0, 1, 0, 0.206904, 0, 0.978361, 22.3568, 2.63356, -12.0628 )
use_collision = true
width = 27.6554
height = 4.36719
depth = 19.4453

[node name="Obstacle4" type="CSGBox" parent="PrototypeLevel/Obstacles"]
transform = Transform( -0.974083, 0, -0.226192, 0, 1, 0, 0.226192, 0, -0.974083, -9.22152, 2.63356, 20.2965 )
use_collision = true
height = 4.36719
depth = 32.7765

[node name="Obstacle5" type="CSGBox" parent="PrototypeLevel/Obstacles"]
transform = Transform( -0.467667, 0, 0.883904, 0, 1, 0, -0.883904, 0, -0.467667, 37.1374, 2.63356, 22.8709 )
use_collision = true
height = 4.36719
depth = 59.9458

[node name="Obstacle6" type="CSGBox" parent="PrototypeLevel/Obstacles"]
transform = Transform( 0.862027, 0, 0.506861, 0, 1, 0, -0.506861, 0, 0.862027, 59.5051, 2.63356, 60.7241 )
use_collision = true
height = 4.36719
depth = 59.9458

[node name="Obstacle7" type="CSGBox" parent="PrototypeLevel/Obstacles"]
transform = Transform( 0.118577, 0, 0.992945, 0, 1, 0, -0.992945, 0, 0.118577, -27.3894, 2.63356, -65.8199 )
use_collision = true
height = 4.36719
depth = 35.3272

[node name="Ring" type="CSGCylinder" parent="PrototypeLevel/Obstacles"]
transform = Transform( 1, 0, 0, 0, 1, 0, 0, 0, 1, 42.8512, 2.78479, -56.1333 )
radius = 23.4604
height = 4.66799
sides = 21

[node name="Inner" type="CSGCylinder" parent="PrototypeLevel/Obstacles/Ring"]
operation = 2
radius = 17.8918
height = 6.57539
sides = 21

[node name="Gate1" type="CSGBox" parent="PrototypeLevel/Obstacles/Ring"]
transform = Transform( 1, 0, 0, 0, 1, 0, 0, 0, 1, 19.618, 0, -1.10652 )
operation = 2
width = 14.556
height = 6.00392
depth = 17.1564

[node name="Gate2" type="CSGBox" parent="PrototypeLevel/Obstacles/Ring"]
transform = Transform( 1, 0, 0, 0, 1, 0, 0, 0, 1, -2.24446, 0, 22.7917 )
operation = 2
width = 14.556
height = 6.00392
depth = 17.1564

[node name="MeshInstance" type="MeshInstance" parent="PrototypeLevel/Obstacles"]

[node name="InterpolatedCamera" type="InterpolatedCamera" parent="."]
transform = Transform( -1, 8.74228e-08, -1.04251e-15, 0, 1.19249e-08, 1, 8.74228e-08, 1, -1.19249e-08, 0, 39.9058, -55.9889 )
current = true
far = 201.5
target = NodePath("../Tank/CameraTarget")
speed = 2.0
enabled = true

[node name="DirectionalLight" type="DirectionalLight" parent="."]
transform = Transform( 0.965926, 0.12941, 0.224144, -0.258819, 0.482963, 0.836516, 0, -0.866025, 0.5, 0, 34, 0 )

[node name="DEBUG_BALL" type="MeshInstance" parent="."]
mesh = SubResource( 4 )
