[gd_scene load_steps=9 format=2]

[ext_resource path="res://Levels/Level.gd" type="Script" id=1]
[ext_resource path="res://Levels/level_model.tscn" type="PackedScene" id=2]

[sub_resource type="BoxShape" id=5]
extents = Vector3( 100.821, 1, 126.899 )

[sub_resource type="BoxShape" id=8]
extents = Vector3( 1.65837, 4.94513, 56.1424 )

[sub_resource type="BoxShape" id=6]
extents = Vector3( 1, 2.19948, 9.62932 )

[sub_resource type="BoxShape" id=7]
extents = Vector3( 1, 2.19948, 4.72235 )

[sub_resource type="BoxShape" id=9]

[sub_resource type="SphereMesh" id=4]
radial_segments = 10
rings = 10

[node name="World" type="Spatial"]
script = ExtResource( 1 )

[node name="Level" type="StaticBody" parent="."]

[node name="level" parent="Level" instance=ExtResource( 2 )]

[node name="FloorCollision" type="CollisionShape" parent="Level"]
shape = SubResource( 5 )

[node name="Wall" type="CollisionShape" parent="Level"]
transform = Transform( 0.499788, 0, -0.866148, 0, 1, 0, 0.866148, 0, 0.499788, 42.6114, 2.77076, 74.0334 )
shape = SubResource( 8 )

[node name="Wall2" type="CollisionShape" parent="Level"]
transform = Transform( -0.497443, 0, -0.867496, 0, 1, 0, 0.867496, 0, -0.497443, -41.9993, 2.77076, 73.6007 )
shape = SubResource( 8 )

[node name="Wall3" type="CollisionShape" parent="Level"]
transform = Transform( -0.999999, 0, -0.00118675, 0, 1, 0, 0.00118675, 0, -0.999999, -84.8493, 2.77076, 0.70743 )
shape = SubResource( 8 )

[node name="Wall4" type="CollisionShape" parent="Level"]
transform = Transform( 0.503623, 0, -0.863923, 0, 1, 0, 0.863923, 0, 0.503623, -43.4718, 2.77076, -72.9731 )
shape = SubResource( 8 )

[node name="Wall5" type="CollisionShape" parent="Level"]
transform = Transform( -0.500212, 0, -0.865903, 0, 1, 0, 0.865903, 0, -0.500212, 43.1286, 2.77076, -73.4465 )
shape = SubResource( 8 )

[node name="Wall6" type="CollisionShape" parent="Level"]
transform = Transform( -1, 0, 7.91624e-09, 0, 1, 0, -7.91624e-09, 0, -1, 84.5951, 2.77076, -1.19552 )
shape = SubResource( 8 )

[node name="BigObstacle" type="CollisionShape" parent="Level"]
transform = Transform( -0.0031242, 0, -0.999995, 0, 1, 0, 0.999995, 0, -0.0031242, 12.7544, 2.77076, 34.6751 )
shape = SubResource( 6 )

[node name="BigObstacle2" type="CollisionShape" parent="Level"]
transform = Transform( -0.0031242, 0, -0.999995, 0, 1, 0, 0.999995, 0, -0.0031242, -42.2606, 2.77076, 33.3153 )
shape = SubResource( 6 )

[node name="BigObstacle3" type="CollisionShape" parent="Level"]
transform = Transform( -0.0031242, 0, -0.999995, 0, 1, 0, 0.999995, 0, -0.0031242, -66.5825, 2.77076, 33.2379 )
shape = SubResource( 6 )

[node name="BigObstacle4" type="CollisionShape" parent="Level"]
transform = Transform( -0.0669009, 0, -0.99776, 0, 1, 0, 0.99776, 0, -0.0669009, -55.2405, 2.77076, -46.4055 )
shape = SubResource( 6 )

[node name="BigObstacle5" type="CollisionShape" parent="Level"]
transform = Transform( -0.0666223, 0, -0.997778, 0, 1, 0, 0.997778, 0, -0.0666223, -32.823, 2.77076, -44.2797 )
shape = SubResource( 6 )

[node name="BigObstacle6" type="CollisionShape" parent="Level"]
transform = Transform( -0.0031242, 0, -0.999995, 0, 1, 0, 0.999995, 0, -0.0031242, -19.6967, 2.77076, -33.4877 )
shape = SubResource( 6 )

[node name="BigObstacle7" type="CollisionShape" parent="Level"]
transform = Transform( -0.0031242, 0, -0.999995, 0, 1, 0, 0.999995, 0, -0.0031242, 17.4026, 2.77076, -33.0465 )
shape = SubResource( 6 )

[node name="BigObstacle8" type="CollisionShape" parent="Level"]
transform = Transform( -0.0031242, 0, -0.999995, 0, 1, 0, 0.999995, 0, -0.0031242, 56.7625, 2.77076, -33.5074 )
shape = SubResource( 6 )

[node name="BigObstacle9" type="CollisionShape" parent="Level"]
transform = Transform( -0.835846, 0, -0.548964, 0, 1, 0, 0.548964, 0, -0.835846, 33.8256, 2.77076, -10.5658 )
shape = SubResource( 6 )

[node name="BigObstacle10" type="CollisionShape" parent="Level"]
transform = Transform( 0.863061, 0, -0.5051, 0, 1, 0, 0.5051, 0, 0.863061, 32.1405, 2.77076, 8.75272 )
shape = SubResource( 6 )

[node name="BigObstacle11" type="CollisionShape" parent="Level"]
transform = Transform( -0.835376, 0, -0.549679, 0, 1, 0, 0.549679, 0, -0.835376, 30.3908, 2.77076, 39.5759 )
shape = SubResource( 6 )

[node name="BigObstacle12" type="CollisionShape" parent="Level"]
transform = Transform( -0.835098, 0, -0.550102, 0, 1, 0, 0.550102, 0, -0.835098, 44.4429, 2.77076, 61.1845 )
shape = SubResource( 6 )

[node name="BigObstacle13" type="CollisionShape" parent="Level"]
transform = Transform( -0.997836, 0, -0.0657513, 0, 1, 0, 0.0657513, 0, -0.997836, 7.07501, 2.77076, 78.4646 )
shape = SubResource( 6 )

[node name="BigObstacle14" type="CollisionShape" parent="Level"]
transform = Transform( -0.834877, 0, -0.550437, 0, 1, 0, 0.550437, 0, -0.834877, -9.01832, 2.77076, 67.0192 )
shape = SubResource( 6 )

[node name="BigObstacle15" type="CollisionShape" parent="Level"]
transform = Transform( -0.836659, 0, -0.547724, 0, 1, 0, 0.547724, 0, -0.836659, -20.9163, 2.77076, 48.279 )
shape = SubResource( 6 )

[node name="BigObstacle16" type="CollisionShape" parent="Level"]
transform = Transform( -0.997688, 0, 0.0679632, 0, 1, 0, -0.0679632, 0, -0.997688, -32.5781, 2.77076, 14.9456 )
shape = SubResource( 6 )

[node name="BigObstacle17" type="CollisionShape" parent="Level"]
transform = Transform( -0.997819, 0, 0.0660127, 0, 1, 0, -0.0660127, 0, -0.997819, -39.132, 2.77076, -3.06596 )
shape = SubResource( 6 )

[node name="BigObstacle18" type="CollisionShape" parent="Level"]
transform = Transform( 0.999143, 0, -0.0413874, 0, 1, 0, 0.0413874, 0, 0.999143, -26.0427, 2.77076, -63.2507 )
shape = SubResource( 6 )

[node name="MediumObstacle" type="CollisionShape" parent="Level"]
transform = Transform( 1, 0, 0, 0, 1, 0, 0, 0, 1, 1.8965, 2.77076, 34.4957 )
shape = SubResource( 7 )

[node name="MediumObstacle2" type="CollisionShape" parent="Level"]
transform = Transform( 1, 0, 0, 0, 1, 0, 0, 0, 1, -54.7109, 2.77077, -25.1138 )
shape = SubResource( 7 )

[node name="MediumObstacle3" type="CollisionShape" parent="Level"]
transform = Transform( 0.00399679, 0, 0.999992, 0, 1, 0, -0.999992, 0, 0.00399679, -61.0874, 2.77076, -21.3789 )
shape = SubResource( 7 )

[node name="MediumObstacle4" type="CollisionShape" parent="Level"]
transform = Transform( 1, 0, 0, 0, 1, 0, 0, 0, 1, 55.9383, 2.77076, -7.10451 )
shape = SubResource( 7 )

[node name="MediumObstacle5" type="CollisionShape" parent="Level"]
transform = Transform( 1, 0, 0, 0, 1, 0, 0, 0, 1, 64.2882, 2.77076, 0.745656 )
shape = SubResource( 7 )

[node name="MediumObstacle6" type="CollisionShape" parent="Level"]
transform = Transform( 1, 0, 0, 0, 1, 0, 0, 0, 1, 64.2659, 2.77076, 17.1282 )
shape = SubResource( 7 )

[node name="MediumObstacle7" type="CollisionShape" parent="Level"]
transform = Transform( 1, 0, 0, 0, 1, 0, 0, 0, 1, 63.8161, 2.77076, 34.3381 )
shape = SubResource( 7 )

[node name="MediumObstacle8" type="CollisionShape" parent="Level"]
transform = Transform( 1, 0, 0, 0, 1, 0, 0, 0, 1, 56.221, 2.77076, 8.5249 )
shape = SubResource( 7 )

[node name="MediumObstacle9" type="CollisionShape" parent="Level"]
transform = Transform( 1, 0, 0, 0, 1, 0, 0, 0, 1, 56.1012, 2.77076, 24.9459 )
shape = SubResource( 7 )

[node name="MediumObstacle10" type="CollisionShape" parent="Level"]
transform = Transform( 1, 0, 0, 0, 1, 0, 0, 0, 1, 55.6378, 2.77076, 42.111 )
shape = SubResource( 7 )

[node name="MediumObstacle11" type="CollisionShape" parent="Level"]
transform = Transform( 0.99843, 0, -0.0560132, 0, 1, 0, 0.0560132, 0, 0.99843, 31.4702, 2.77076, -47.8585 )
shape = SubResource( 7 )

[node name="MediumObstacle12" type="CollisionShape" parent="Level"]
transform = Transform( 0.00345579, 0, 0.999994, 0, 1, 0, -0.999994, 0, 0.00345579, -1.34847, 2.77076, -59.6318 )
shape = SubResource( 7 )

[node name="SmallObstacle" type="CollisionShape" parent="Level"]
transform = Transform( 1, 0, 0, 0, 1, 0, 0, 0, 1, 24.5087, 2.77076, -51.9032 )
shape = SubResource( 9 )

[node name="SmallObstacle2" type="CollisionShape" parent="Level"]
transform = Transform( 1, 0, 0, 0, 1, 0, 0, 0, 1, 15.1414, 2.77076, -51.9032 )
shape = SubResource( 9 )

[node name="SmallObstacle3" type="CollisionShape" parent="Level"]
transform = Transform( 1, 0, 0, 0, 1, 0, 0, 0, 1, 14.619, 2.77076, -43.6887 )
shape = SubResource( 9 )

[node name="SmallObstacle4" type="CollisionShape" parent="Level"]
transform = Transform( 1, 0, 0, 0, 1, 0, 0, 0, 1, 24.0584, 2.77076, -43.6707 )
shape = SubResource( 9 )

[node name="SmallObstacle5" type="CollisionShape" parent="Level"]
transform = Transform( 1, 0, 0, 0, 1, 0, 0, 0, 1, 37.7901, 2.77076, -43.7306 )
shape = SubResource( 9 )

[node name="SmallObstacle6" type="CollisionShape" parent="Level"]
transform = Transform( 1, 0, 0, 0, 1, 0, 0, 0, 1, 38.3305, 2.77076, -51.891 )
shape = SubResource( 9 )

[node name="SmallObstacle7" type="CollisionShape" parent="Level"]
transform = Transform( 1, 0, 0, 0, 1, 0, 0, 0, 1, 47.6798, 2.77076, -51.927 )
shape = SubResource( 9 )

[node name="SmallObstacle8" type="CollisionShape" parent="Level"]
transform = Transform( 1, 0, 0, 0, 1, 0, 0, 0, 1, 47.2174, 2.77076, -43.6898 )
shape = SubResource( 9 )

[node name="Camera" type="InterpolatedCamera" parent="."]
transform = Transform( -1, 8.74228e-08, -1.04251e-15, 7.75668e-08, 0.887261, 0.461269, 4.03254e-08, 0.461269, -0.887261, 1.00568, 39.9058, -0.425087 )
current = true
far = 200.0
target = NodePath("../CameraTarget")
speed = 2.0
enabled = true

[node name="DirectionalLight" type="DirectionalLight" parent="."]
transform = Transform( 0.965926, 0.12941, 0.224144, -0.258819, 0.482963, 0.836516, 0, -0.866025, 0.5, 0, 34, 0 )

[node name="DEBUG_BALL" type="MeshInstance" parent="."]
visible = false
mesh = SubResource( 4 )

[node name="CameraTarget" type="Spatial" parent="."]

[node name="SpawnPoints" type="Node" parent="."]

[node name="Point1" type="Spatial" parent="SpawnPoints"]
transform = Transform( -0.310528, 0, -0.950564, 0, 1, 0, 0.950564, 0, -0.310528, -43.867, 0, 55.917 )

[node name="Point2" type="Spatial" parent="SpawnPoints"]
transform = Transform( 1, 0, 0, 0, 1, 0, 0, 0, 1, -69.8441, 3.81469e-06, -2.05316 )

[node name="Point3" type="Spatial" parent="SpawnPoints"]
transform = Transform( -0.906131, 0, -0.422998, 0, 1, 0, 0.422998, 0, -0.906131, 25.3946, 0, 67.6396 )

[node name="Point4" type="Spatial" parent="SpawnPoints"]
transform = Transform( 1, 0, 0, 0, 1, 0, 0, 0, 1, 74.666, 7.62939e-06, 4.68192 )

[node name="Point5" type="Spatial" parent="SpawnPoints"]
transform = Transform( 1, 0, 0, 0, 1, 0, 0, 0, 1, 25.5722, 0, -70.194 )

[node name="Point6" type="Spatial" parent="SpawnPoints"]
transform = Transform( 0.982317, 0, 0.187227, 0, 1, 0, -0.187227, 0, 0.982317, -38.169, -1.52588e-05, -57.3935 )
